660,332,-69,663,338,-61,664,338,-61,664,338,-61,662,340,-79,660,341,-80,659,343,-80,658,343,-16,652,348,-97,655,329,-51,652,332,-74,633,334,33,629,348,-126,634,352,43,617,375,-136,611,378,16,602,388,-82,602,386,11,596,393,-88,604,389,9,596,390,-92,606,386,14,597,389,-82,550,352,56,548,364,-56,546,316,89,550,324,-66,548,357,128,556,356,30,551,363,131,559,363,43,548,363,148,559,355,73,
673,339,17,680,340,23,680,340,23,681,339,23,680,342,6,680,343,6,681,345,6,682,344,65,682,352,-10,670,341,35,669,343,13,658,353,114,662,365,-67,628,353,61,631,360,-85,627,361,-59,631,362,-21,627,365,-75,631,366,-26,631,364,-74,630,364,-33,630,365,-63,630,364,-22,566,372,63,567,384,-63,546,319,67,550,331,-103,579,358,129,570,357,29,588,363,136,576,362,45,588,367,171,576,355,104,
640,420,67,641,428,59,642,428,59,643,429,59,639,427,73,639,427,73,638,428,73,650,431,49,644,429,117,644,416,65,642,415,84,666,419,0,649,408,151,653,410,-46,626,384,96,640,392,-53,622,372,-18,640,384,-69,621,366,-28,637,383,-67,623,371,-39,637,385,-52,623,373,-25,687,318,-64,676,315,63,610,407,-69,613,394,100,604,367,-26,597,353,18,608,356,-20,603,336,10,585,373,-4,586,356,0,
678,437,31,674,442,36,674,442,36,674,442,36,673,441,24,671,441,24,670,441,23,669,440,63,663,437,6,678,432,43,676,431,27,666,411,77,658,418,-15,659,393,85,645,402,-53,659,376,74,636,377,-54,659,372,72,633,370,-54,656,373,70,636,370,-57,657,374,71,637,371,-54,676,324,24,673,328,-24,622,365,47,635,349,-23,600,377,88,601,368,51,599,381,92,594,367,61,597,396,88,597,379,72,
642,480,-884,657,505,-849,665,506,-850,673,506,-850,628,505,-847,619,505,-848,611,505,-848,689,499,-581,600,496,-566,660,458,-778,625,457,-775,761,359,-387,526,361,-335,833,186,-334,468,187,-276,781,57,-601,513,56,-564,773,15,-698,518,13,-641,749,32,-734,540,28,-701,749,48,-620,538,46,-590,705,49,-49,572,49,49,686,-168,-259,563,-168,31,694,-363,322,572,-361,480,698,-392,363,573,-390,515,683,-435,59,586,-432,185,
641,480,-862,657,505,-824,665,506,-825,673,506,-825,627,505,-821,618,505,-821,609,505,-821,689,499,-548,600,498,-525,659,458,-755,623,457,-749,760,360,-361,526,361,-278,832,185,-321,470,184,-205,778,54,-605,516,42,-523,772,14,-711,520,-2,-604,749,29,-742,547,1,-672,748,44,-624,547,22,-553,706,35,-69,573,36,70,703,-217,-55,566,-209,177,707,-413,606,576,-410,696,711,-441,654,579,-441,739,693,-491,347,586,-484,407,
640,480,-865,657,505,-828,665,505,-829,673,505,-829,626,505,-825,616,505,-825,608,505,-826,689,499,-552,600,498,-527,658,457,-758,620,456,-752,759,360,-365,525,361,-268,832,185,-331,472,184,-181,777,52,-637,517,42,-501,772,14,-750,520,-2,-581,749,28,-779,547,3,-653,748,43,-655,547,23,-533,707,33,-86,575,32,87,707,-221,-67,570,-215,213,712,-419,596,580,-418,741,716,-447,643,585,-449,785,697,-498,334,587,-493,454,
639,480,-866,657,505,-830,665,505,-830,673,505,-830,626,505,-827,616,505,-828,607,505,-828,689,499,-555,599,498,-532,657,457,-759,619,456,-754,759,360,-377,525,360,-276,832,185,-346,473,183,-192,774,45,-634,518,39,-508,771,1,-744,521,-4,-587,747,14,-773,547,-1,-659,746,32,-651,548,19,-540,708,31,-91,575,31,92,711,-229,-55,573,-223,205,716,-429,602,583,-427,712,721,-458,648,588,-458,754,700,-507,341,587,-501,425,
639,480,-892,657,504,-856,665,504,-856,673,504,-856,626,505,-852,616,505,-853,607,505,-853,689,498,-577,599,499,-553,657,456,-783,618,456,-778,758,361,-396,525,360,-276,832,184,-352,473,182,-202,770,39,-631,519,35,-520,768,-5,-738,521,-7,-596,743,5,-769,547,-3,-674,742,23,-650,549,16,-554,709,29,-92,576,28,92,711,-233,-57,575,-227,198,714,-434,587,583,-431,693,719,-463,632,588,-462,734,699,-511,326,586,-506,406,
639,480,-892,657,504,-857,665,504,-857,673,504,-857,626,504,-853,616,505,-853,607,505,-853,689,498,-585,599,499,-559,657,456,-785,618,456,-779,758,362,-415,525,360,-285,832,182,-375,474,183,-206,766,33,-628,519,36,-505,764,-14,-736,521,-6,-574,739,-4,-763,547,-2,-643,737,15,-647,548,18,-535,709,30,-95,577,29,96,710,-224,-108,574,-222,165,708,-423,478,579,-423,613,714,-453,519,584,-454,645,689,-500,248,570,-499,360,
639,479,-904,657,504,-868,666,503,-868,673,503,-868,626,504,-863,616,505,-863,607,505,-863,689,497,-594,599,499,-566,657,455,-797,618,455,-789,758,362,-422,525,360,-289,832,180,-400,475,183,-213,766,32,-672,519,33,-513,762,-15,-776,521,-10,-585,739,-4,-801,547,-6,-652,737,16,-687,548,14,-542,709,30,-95,577,30,96,709,-220,-156,573,-216,158,704,-418,449,577,-416,578,711,-447,491,583,-447,611,684,-495,211,568,-491,310,
640,478,-904,658,503,-868,666,503,-868,674,502,-869,626,503,-864,616,504,-864,607,504,-865,689,497,-594,599,498,-571,657,454,-796,619,453,-790,759,362,-417,526,360,-292,831,180,-387,477,183,-211,766,32,-658,519,34,-508,763,-14,-760,521,-9,-579,739,-4,-787,547,-4,-645,737,15,-673,548,15,-536,709,31,-93,578,31,93,708,-217,-155,573,-213,149,704,-415,458,577,-413,581,711,-443,502,583,-444,615,684,-491,223,568,-488,311,
640,475,-931,658,500,-899,666,500,-899,674,500,-899,626,501,-895,616,501,-895,607,502,-895,689,495,-628,599,497,-607,657,452,-823,619,451,-818,759,362,-439,526,360,-326,831,179,-390,477,183,-231,766,29,-651,519,35,-514,763,-17,-753,521,-8,-581,739,-8,-781,547,-3,-646,737,11,-666,548,16,-540,711,31,-91,579,31,91,708,-226,-92,572,-218,157,705,-422,537,577,-419,617,711,-449,583,583,-448,655,684,-499,297,569,-494,346,
640,472,-958,658,497,-927,666,497,-927,674,498,-928,626,497,-924,616,498,-924,607,499,-924,689,493,-656,599,495,-637,657,449,-849,619,448,-844,759,362,-464,527,360,-359,831,177,-396,477,183,-266,766,26,-646,519,35,-544,763,-21,-743,521,-9,-610,739,-15,-771,547,-5,-678,737,5,-659,548,15,-571,712,30,-90,580,31,91,709,-233,-84,573,-225,182,706,-434,538,577,-429,655,713,-461,582,583,-457,694,684,-510,290,570,-505,377,
640,469,-959,658,495,-929,666,495,-929,674,496,-930,626,495,-926,616,496,-926,607,497,-926,689,492,-659,599,493,-639,657,448,-850,619,446,-845,759,362,-460,528,360,-363,831,177,-395,477,183,-268,766,27,-620,519,40,-551,763,-20,-714,521,-7,-619,739,-15,-749,547,-3,-688,737,5,-636,548,18,-579,712,30,-88,580,31,88,710,-233,-61,572,-225,192,706,-435,549,574,-430,671,712,-463,592,579,-459,710,684,-512,296,567,-507,390,
640,465,-963,658,491,-935,666,492,-935,674,493,-936,626,491,-933,616,493,-933,607,494,-933,689,490,-666,599,492,-649,657,445,-854,619,443,-849,759,363,-462,528,360,-371,831,176,-390,477,183,-277,765,27,-616,520,39,-556,763,-20,-709,522,-8,-624,739,-16,-742,547,-5,-691,736,4,-631,549,15,-583,712,30,-87,580,31,87,709,-236,-66,572,-227,189,706,-437,541,573,-431,663,712,-465,584,579,-461,702,684,-514,296,567,-508,390,
640,463,-958,658,488,-929,666,489,-929,674,490,-929,626,489,-927,616,491,-927,607,493,-927,689,488,-656,599,491,-640,657,442,-847,619,441,-843,759,363,-454,528,360,-364,831,175,-368,477,180,-272,765,28,-595,522,37,-554,763,-20,-688,524,-9,-623,737,-15,-718,550,-7,-690,734,4,-610,552,13,-582,714,27,-85,580,28,86,711,-242,-63,572,-234,194,706,-446,543,573,-442,675,712,-475,586,578,-472,714,684,-525,292,567,-520,396,
640,463,-952,658,488,-922,666,489,-922,674,490,-922,626,489,-920,616,491,-920,607,493,-920,689,487,-648,599,491,-632,657,442,-841,619,441,-837,759,363,-441,529,360,-359,832,176,-350,477,179,-268,764,28,-591,523,37,-554,762,-20,-687,526,-10,-623,735,-14,-717,552,-6,-689,732,5,-606,553,13,-581,714,26,-80,580,27,80,710,-244,-62,569,-236,185,701,-449,553,568,-443,663,706,-477,596,572,-473,702,678,-527,300,563,-522,383,
639,463,-958,658,488,-927,666,489,-928,674,490,-928,626,489,-925,616,491,-925,607,493,-926,689,487,-646,599,491,-630,657,442,-844,618,441,-840,759,363,-440,529,360,-358,832,177,-352,477,179,-249,764,28,-598,523,39,-542,762,-19,-700,527,-7,-613,735,-13,-731,552,0,-683,731,6,-612,553,19,-571,714,25,-81,579,27,82,710,-244,-54,568,-235,204,700,-449,586,566,-442,712,705,-477,632,570,-471,755,676,-527,322,563,-521,419,
639,463,-966,658,489,-935,666,489,-935,674,490,-935,626,489,-933,616,491,-933,607,493,-934,689,487,-649,599,490,-637,657,442,-851,618,441,-848,759,363,-439,529,360,-359,831,177,-353,477,176,-255,764,29,-603,526,35,-551,762,-19,-706,531,-12,-624,735,-12,-737,556,-5,-692,730,7,-617,558,14,-579,714,25,-79,579,26,79,710,-249,-63,567,-240,180,700,-455,570,566,-451,681,705,-484,615,570,-480,722,676,-535,308,563,-530,366,
639,464,-891,658,490,-858,666,491,-858,674,491,-858,626,491,-859,616,492,-859,607,493,-859,688,487,-578,599,491,-575,657,443,-780,618,442,-780,759,364,-377,529,360,-321,832,177,-306,477,174,-228,762,30,-567,527,27,-516,761,-18,-664,531,-21,-587,732,-11,-692,558,-17,-651,727,9,-581,560,3,-542,714,23,-71,579,25,72,715,-250,-41,570,-243,150,707,-459,560,570,-457,581,712,-488,606,573,-487,614,684,-539,301,570,-535,281,
639,466,-885,657,492,-852,666,492,-852,674,492,-852,625,492,-852,615,493,-852,606,494,-852,688,488,-573,599,491,-568,657,445,-775,618,444,-774,759,364,-369,529,360,-314,832,178,-296,477,174,-228,763,32,-565,528,28,-520,761,-17,-664,531,-21,-591,733,-10,-696,558,-16,-657,728,9,-581,560,4,-547,714,22,-66,579,24,67,714,-250,-51,570,-243,116,707,-459,535,569,-457,543,711,-487,576,572,-488,576,684,-539,273,570,-535,241,
639,469,-865,658,495,-829,666,495,-830,674,494,-830,625,495,-830,616,495,-830,606,496,-831,688,489,-547,599,492,-548,658,447,-754,618,446,-755,759,364,-343,529,360,-298,832,181,-273,477,174,-215,765,34,-551,529,28,-506,762,-13,-649,533,-20,-578,734,-3,-680,560,-16,-642,730,16,-567,561,4,-532,714,22,-63,579,24,64,713,-250,-51,568,-243,117,703,-461,521,566,-457,535,706,-489,559,568,-488,567,681,-539,256,569,-534,232,
639,471,-880,658,497,-846,667,497,-847,674,496,-847,625,498,-846,616,498,-846,606,498,-847,688,489,-566,599,492,-561,658,449,-769,618,449,-768,760,364,-364,529,360,-305,833,182,-290,477,175,-217,765,35,-554,531,32,-506,762,-13,-654,536,-17,-579,734,-3,-685,563,-12,-643,730,16,-570,563,8,-532,714,22,-64,578,24,65,713,-249,-26,567,-242,154,703,-459,599,566,-455,632,706,-487,644,568,-486,672,681,-538,341,568,-532,338,
639,476,-887,658,500,-854,667,500,-854,674,499,-854,625,501,-854,616,501,-854,606,501,-854,689,490,-573,599,494,-567,658,452,-777,618,452,-775,760,364,-373,529,361,-309,833,183,-296,477,177,-218,765,35,-549,531,32,-500,761,-13,-647,537,-17,-571,734,-4,-679,564,-12,-635,730,16,-565,565,8,-526,714,23,-64,578,25,64,714,-249,-29,568,-242,160,707,-457,579,568,-453,630,710,-486,623,570,-484,668,684,-536,322,571,-531,337,
640,477,-854,658,502,-821,667,501,-821,674,500,-821,625,503,-820,616,503,-820,606,502,-821,689,492,-546,599,494,-540,658,454,-745,619,453,-744,760,364,-356,529,361,-285,833,183,-277,477,180,-193,763,35,-522,532,34,-470,759,-14,-617,537,-12,-540,730,-5,-648,564,-5,-600,726,15,-537,565,15,-495,715,28,-64,579,27,65,714,-246,-35,568,-237,151,706,-456,555,568,-450,584,710,-484,595,570,-481,619,683,-534,302,570,-527,297,
640,479,-844,658,503,-810,667,502,-810,674,501,-811,625,504,-810,616,504,-810,606,503,-810,689,493,-539,599,495,-534,658,456,-737,619,454,-736,760,365,-353,529,361,-277,832,183,-279,478,182,-184,761,35,-518,533,35,-459,757,-14,-611,540,-11,-527,728,-4,-639,566,-4,-587,725,16,-532,566,16,-483,715,29,-69,580,28,69,712,-244,-71,567,-236,128,704,-455,467,567,-450,515,708,-484,503,570,-480,545,678,-534,215,566,-526,231,
640,480,-839,659,504,-803,667,503,-803,675,502,-803,626,505,-802,616,505,-802,607,505,-802,689,493,-521,599,497,-514,659,457,-729,619,456,-727,760,365,-331,530,361,-256,832,185,-265,478,183,-157,761,39,-531,533,38,-444,757,-9,-625,539,-8,-516,728,3,-653,566,-2,-577,726,21,-545,566,18,-469,715,28,-68,580,28,69,714,-244,-71,570,-237,130,706,-455,520,571,-450,518,711,-483,562,573,-480,552,682,-533,262,572,-527,250,
640,481,-849,659,505,-813,667,504,-813,675,503,-813,626,506,-812,616,507,-813,607,506,-813,689,493,-530,599,498,-524,659,458,-738,619,457,-737,760,365,-335,530,361,-268,832,187,-264,478,183,-169,761,39,-538,533,38,-456,757,-9,-631,539,-9,-530,728,2,-657,566,-3,-592,724,20,-552,567,17,-482,717,28,-61,581,29,62,718,-245,-55,573,-238,128,713,-455,589,575,-450,570,716,-483,637,578,-481,611,691,-534,337,581,-528,287,
641,481,-822,660,505,-785,668,504,-785,675,503,-785,627,507,-785,617,507,-785,608,507,-785,689,494,-502,599,500,-498,659,458,-712,620,458,-711,760,366,-314,530,362,-245,832,188,-251,478,183,-152,759,41,-539,534,39,-445,756,-9,-636,540,-8,-521,727,2,-664,567,-2,-581,723,19,-554,567,18,-470,718,28,-60,581,29,61,721,-245,-63,575,-238,116,716,-455,575,580,-450,575,719,-483,620,582,-480,615,695,-534,321,588,-528,288,
642,482,-882,660,506,-845,668,505,-845,676,504,-845,628,508,-848,618,508,-848,609,509,-848,690,496,-555,600,501,-565,660,459,-768,621,459,-771,759,369,-357,530,366,-294,831,193,-286,479,189,-193,759,42,-574,534,43,-483,755,-9,-676,541,-5,-558,727,1,-709,567,0,-622,723,19,-590,568,20,-508,718,34,-60,582,32,61,722,-238,-67,577,-231,120,718,-446,560,583,-443,581,721,-474,604,586,-472,621,699,-526,302,590,-519,293,
643,484,-899,661,508,-863,668,507,-863,676,505,-863,629,509,-864,619,510,-864,610,510,-865,690,497,-574,600,502,-581,660,461,-785,621,461,-787,759,371,-369,531,368,-307,830,198,-294,480,190,-195,759,47,-585,535,48,-481,755,-5,-687,542,-1,-556,727,3,-724,568,2,-620,723,22,-603,568,22,-507,718,37,-55,583,35,56,725,-233,-69,579,-227,107,720,-441,543,584,-441,571,723,-467,586,587,-471,609,704,-523,280,591,-518,275,
643,486,-859,661,509,-820,668,508,-820,676,507,-820,629,511,-824,619,511,-824,610,512,-824,690,498,-532,601,503,-548,660,463,-747,622,463,-752,759,372,-326,531,370,-295,828,200,-254,483,190,-183,759,55,-559,536,50,-457,755,2,-657,543,1,-536,727,9,-706,570,5,-598,723,26,-581,570,25,-483,719,38,-34,584,36,35,729,-227,-46,582,-221,56,725,-433,540,589,-438,493,725,-460,582,591,-469,525,713,-518,276,603,-513,189,
644,489,-827,661,512,-786,669,511,-787,676,510,-787,630,514,-788,620,515,-788,612,515,-788,690,500,-498,601,506,-502,661,465,-715,623,466,-717,758,374,-303,532,372,-247,824,201,-247,484,192,-139,758,56,-560,536,53,-424,755,3,-662,543,3,-504,727,10,-711,569,7,-567,723,27,-583,570,26,-451,719,41,-37,585,38,38,730,-222,-70,584,-216,51,727,-429,513,592,-435,494,727,-454,554,594,-466,528,716,-514,248,607,-509,189,
645,493,-836,662,515,-799,669,514,-799,676,513,-799,631,518,-799,621,519,-799,613,519,-800,690,504,-512,602,510,-514,661,468,-725,625,469,-726,758,377,-313,532,374,-257,823,204,-253,486,194,-152,757,64,-589,537,58,-424,754,12,-703,543,9,-522,727,23,-748,569,17,-595,723,39,-612,570,34,-460,719,41,-39,585,39,40,729,-223,-69,583,-217,65,726,-430,523,591,-434,559,726,-456,565,593,-466,599,714,-514,253,605,-508,246,
646,494,-820,662,517,-782,669,516,-782,676,515,-782,632,519,-783,622,520,-783,614,520,-784,690,506,-495,602,511,-500,662,470,-709,626,470,-711,757,379,-295,533,376,-253,822,209,-228,487,198,-148,758,78,-577,538,65,-433,754,26,-697,543,18,-521,729,37,-737,569,27,-590,724,53,-605,570,44,-463,719,42,-38,585,41,39,729,-217,-69,582,-211,71,725,-425,516,591,-428,565,725,-451,557,592,-458,604,713,-507,249,603,-501,257,
646,500,-726,662,522,-686,669,522,-686,676,521,-686,632,524,-689,622,525,-689,614,525,-689,690,511,-405,603,515,-417,662,475,-618,626,475,-622,756,384,-209,538,384,-210,821,217,-155,488,214,-114,757,93,-501,539,85,-376,752,40,-609,543,32,-459,728,51,-658,569,39,-523,723,66,-526,570,57,-404,719,45,-15,586,46,16,729,-204,-68,584,-200,53,725,-413,466,592,-419,498,725,-438,502,593,-450,532,712,-493,203,609,-488,199,
646,504,-646,662,526,-609,669,525,-609,676,525,-609,632,528,-611,622,528,-611,614,528,-611,690,515,-349,604,518,-356,662,479,-547,626,479,-549,755,388,-182,540,388,-167,819,222,-123,488,222,-84,757,98,-415,540,96,-333,750,48,-513,544,45,-410,728,59,-557,569,50,-468,723,74,-436,570,69,-358,719,46,-15,586,48,16,729,-197,-55,584,-193,54,723,-406,444,592,-410,508,722,-431,478,592,-440,541,709,-484,195,607,-479,219,
646,507,-680,662,529,-642,669,528,-643,676,528,-642,632,530,-646,622,531,-646,614,530,-646,690,517,-375,605,520,-387,662,482,-577,626,482,-581,755,391,-195,542,392,-191,816,227,-133,491,226,-99,757,108,-449,542,102,-350,749,58,-550,547,52,-429,728,67,-598,570,58,-490,723,82,-471,571,76,-375,720,50,-9,588,51,11,730,-191,-30,587,-188,91,726,-400,468,597,-406,553,726,-427,504,597,-436,589,712,-478,212,615,-475,271,
646,510,-648,662,531,-611,669,530,-611,676,530,-611,632,532,-615,622,532,-615,614,531,-615,690,520,-347,605,521,-361,662,485,-547,626,484,-551,754,395,-173,545,395,-177,814,234,-120,493,234,-99,757,120,-443,545,108,-356,749,69,-545,547,58,-437,728,77,-595,570,65,-497,723,91,-467,572,83,-382,720,55,-7,588,58,9,730,-183,-29,587,-180,95,726,-393,449,596,-398,542,726,-419,483,596,-428,576,712,-470,191,614,-466,261,
645,513,-647,662,534,-610,669,533,-610,676,533,-610,632,535,-615,622,535,-615,615,534,-615,690,522,-341,606,523,-360,662,488,-543,627,487,-549,753,399,-161,547,400,-172,814,243,-111,498,244,-90,757,133,-448,549,119,-347,749,83,-551,550,67,-428,728,90,-601,571,72,-487,723,103,-472,574,90,-372,720,60,-4,589,63,5,729,-176,-13,587,-173,108,726,-385,459,597,-393,547,726,-412,493,596,-423,579,711,-462,199,615,-461,262,
646,517,-620,662,538,-580,669,537,-581,676,537,-581,633,539,-586,623,538,-587,615,537,-587,690,526,-309,606,525,-334,662,491,-516,627,491,-524,753,401,-132,548,401,-164,813,249,-97,500,249,-104,757,141,-445,552,123,-397,749,92,-551,553,74,-488,728,100,-599,572,80,-539,723,112,-469,575,96,-420,720,64,0,589,67,1,729,-173,-4,586,-171,115,727,-384,465,597,-391,555,728,-412,501,597,-423,588,711,-461,201,617,-459,272,
646,519,-590,662,539,-552,669,539,-552,676,539,-552,633,540,-554,623,540,-554,616,539,-554,690,528,-291,607,526,-298,663,493,-491,628,493,-493,753,403,-132,551,402,-128,813,254,-107,502,255,-104,757,146,-450,553,135,-412,748,98,-555,554,89,-504,727,106,-601,573,96,-554,723,118,-472,575,111,-436,721,68,-3,593,71,5,732,-168,-12,590,-167,117,730,-380,457,602,-387,556,732,-407,491,601,-418,590,714,-455,199,623,-454,274,
647,521,-558,662,541,-519,669,541,-520,676,540,-520,634,542,-519,624,541,-519,617,541,-519,690,530,-262,609,528,-259,663,495,-461,629,495,-461,753,405,-116,555,404,-89,812,260,-91,503,261,-85,755,151,-407,554,143,-411,747,104,-505,555,99,-500,727,112,-547,573,104,-550,723,125,-426,576,119,-436,721,70,-5,595,73,7,733,-165,-17,594,-163,118,732,-376,458,607,-383,559,735,-402,493,606,-414,593,717,-450,204,627,-449,280,
647,521,-521,662,542,-482,669,541,-482,676,541,-482,636,542,-486,626,542,-486,618,541,-486,690,530,-224,610,528,-239,664,496,-424,631,496,-429,753,407,-74,558,405,-96,811,266,-59,506,265,-127,755,160,-389,556,150,-477,747,114,-488,558,106,-571,727,121,-532,575,111,-613,723,134,-411,578,126,-499,721,73,-3,596,77,4,734,-158,-2,597,-158,117,734,-367,459,611,-375,532,737,-393,493,610,-406,563,718,-440,207,630,-440,256,
648,524,-512,663,543,-474,669,543,-474,676,543,-474,637,543,-475,627,543,-475,620,542,-475,690,532,-222,611,530,-226,664,499,-418,632,498,-420,753,410,-82,561,409,-83,811,267,-78,509,272,-120,753,163,-404,559,158,-452,744,118,-503,560,112,-541,725,127,-544,577,117,-591,721,140,-424,580,132,-476,721,76,-3,598,81,4,736,-153,-7,601,-153,110,738,-362,438,616,-370,508,741,-387,469,616,-401,538,722,-433,189,634,-434,233,
649,525,-511,663,545,-473,669,545,-473,676,544,-473,637,545,-474,628,544,-474,620,543,-474,690,534,-223,613,531,-227,665,500,-417,633,500,-419,753,412,-85,563,411,-82,810,270,-79,512,277,-123,752,167,-399,560,168,-462,743,124,-496,563,124,-551,724,134,-536,580,131,-593,720,147,-418,583,146,-483,721,80,-3,599,84,4,738,-146,-6,605,-146,104,741,-354,437,620,-362,497,745,-379,468,619,-393,526,725,-426,192,637,-425,225,
650,527,-527,664,546,-489,670,546,-490,677,546,-489,639,545,-490,629,544,-490,622,543,-490,690,535,-243,614,531,-244,666,503,-435,635,502,-435,753,414,-105,566,413,-88,810,274,-83,514,279,-119,750,173,-410,561,172,-451,741,130,-509,565,129,-539,723,140,-549,581,136,-591,719,153,-430,584,150,-474,721,85,-4,602,89,5,741,-139,-7,609,-138,103,744,-345,421,625,-353,495,747,-370,451,624,-383,524,729,-416,180,642,-414,226,
651,530,-502,664,548,-464,670,549,-465,677,549,-464,640,547,-468,630,546,-468,623,545,-468,690,538,-223,616,533,-237,667,507,-412,637,505,-416,752,419,-85,568,417,-99,808,286,-66,516,284,-125,750,184,-385,563,177,-418,741,141,-482,568,134,-499,723,150,-526,585,141,-542,719,163,-407,587,155,-438,721,100,2,605,104,-1,740,-123,-8,615,-121,51,743,-328,391,628,-336,387,746,-354,417,627,-366,410,728,-395,156,643,-396,117,
653,530,-521,665,548,-477,671,548,-477,677,548,-477,642,547,-470,632,547,-470,625,546,-470,690,538,-247,617,534,-283,667,507,-421,638,505,-425,751,423,-93,570,419,-138,808,291,-72,519,289,-128,750,193,-385,566,181,-388,742,152,-481,573,141,-466,723,161,-527,588,147,-511,719,174,-407,590,160,-408,721,114,4,607,116,-3,740,-107,-6,617,-104,58,744,-310,386,631,-316,407,746,-335,412,630,-346,431,731,-376,154,646,-375,143,
654,531,-526,665,548,-488,671,548,-489,677,548,-488,643,548,-489,634,547,-489,627,546,-489,689,537,-254,619,534,-277,668,508,-434,640,507,-437,750,425,-102,571,422,-131,807,295,-76,519,294,-114,749,196,-393,566,191,-363,740,159,-491,572,151,-441,723,168,-534,589,157,-485,719,181,-415,591,170,-383,720,122,4,607,125,-2,735,-101,-22,616,-93,-29,740,-302,338,629,-307,244,740,-328,361,628,-338,260,730,-367,112,645,-366,-25,
655,532,-464,666,548,-429,671,548,-429,677,548,-429,644,548,-432,635,547,-432,628,546,-433,689,537,-208,621,534,-225,668,509,-380,641,508,-384,749,427,-71,574,423,-93,805,299,-48,521,297,-75,747,202,-331,569,196,-304,739,164,-421,575,158,-376,722,172,-460,591,164,-418,719,184,-350,593,176,-323,719,130,7,609,133,-6,734,-89,-53,617,-81,-82,737,-288,277,628,-295,150,738,-313,299,628,-326,162,728,-353,70,643,-354,-109,
655,532,-456,666,548,-422,671,548,-422,677,548,-422,644,548,-425,636,548,-425,629,547,-426,689,537,-202,621,534,-218,668,510,-373,641,509,-377,748,428,-71,574,425,-90,802,302,-59,523,304,-81,743,211,-352,570,204,-323,736,172,-446,576,167,-398,719,181,-484,591,173,-439,715,193,-372,593,186,-342,717,137,9,609,141,-7,732,-76,-54,618,-68,-93,737,-273,271,627,-279,130,737,-298,292,627,-310,141,728,-336,64,642,-334,-128,
655,532,-462,665,548,-430,671,548,-430,676,547,-430,644,548,-433,636,547,-433,628,546,-433,688,537,-212,621,534,-227,668,510,-379,641,509,-383,747,429,-77,576,427,-94,800,302,-62,527,307,-84,738,209,-353,572,208,-333,732,173,-446,576,173,-409,716,181,-484,592,179,-452,712,192,-372,593,191,-353,716,145,10,609,148,-9,731,-68,-62,618,-61,-76,737,-261,272,629,-266,166,738,-286,294,628,-295,180,728,-325,66,644,-322,-85,
654,532,-420,664,548,-388,670,547,-389,676,547,-389,644,547,-392,636,547,-392,629,546,-392,686,537,-180,621,534,-196,667,510,-341,641,510,-345,745,430,-53,577,428,-77,797,307,-37,529,311,-81,736,218,-306,574,215,-321,730,183,-395,577,181,-395,713,191,-433,592,186,-433,710,202,-325,594,198,-339,715,152,11,609,155,-10,729,-57,-69,618,-49,-110,735,-246,270,628,-254,118,735,-269,294,627,-283,131,727,-309,82,643,-309,-119,
653,531,-415,663,546,-386,670,546,-386,675,545,-386,644,546,-388,636,546,-388,629,545,-388,685,536,-188,622,534,-198,666,510,-339,641,510,-341,744,432,-63,578,430,-79,794,311,-46,532,314,-75,734,224,-300,575,220,-293,728,189,-386,578,188,-361,712,197,-421,592,195,-400,708,207,-317,595,206,-310,713,161,10,609,165,-9,725,2,-100,618,-35,-114,724,-223,216,618,-236,92,721,-245,239,617,-265,104,717,-287,45,629,-290,-134,
651,530,-393,662,545,-366,668,545,-366,673,545,-366,643,545,-366,635,545,-366,629,544,-366,684,535,-180,623,533,-181,665,510,-322,640,510,-322,743,433,-64,580,432,-75,790,314,-45,537,318,-79,732,233,-284,579,227,-303,727,197,-367,580,194,-371,711,204,-404,594,199,-408,707,215,-301,596,210,-320,712,168,10,609,170,-9,725,-19,-93,618,-24,-88,720,-207,219,616,-217,162,717,-229,242,615,-244,176,713,-270,54,626,-271,-84,
651,530,-356,662,545,-328,668,544,-328,673,544,-328,643,544,-329,636,543,-329,630,543,-330,684,535,-149,624,532,-155,665,510,-287,641,510,-289,742,435,-47,581,434,-58,788,319,-31,537,321,-79,731,240,-254,580,234,-302,725,205,-334,581,202,-367,709,212,-366,595,208,-401,706,223,-270,597,218,-317,710,173,10,610,175,-9,723,13,-88,617,-15,-71,718,-195,212,612,-204,150,715,-216,235,611,-231,164,711,-258,59,621,-257,-58,
651,529,-324,662,544,-297,668,544,-297,673,543,-297,643,543,-297,636,542,-298,630,542,-298,683,534,-125,624,531,-129,665,510,-259,641,510,-260,738,437,-36,582,435,-35,786,325,-29,538,324,-61,729,247,-253,581,239,-277,723,214,-333,583,208,-340,708,221,-363,596,214,-371,704,232,-268,598,225,-292,709,182,9,610,184,-8,721,26,-97,617,-3,-64,719,-182,185,612,-189,128,716,-203,206,610,-215,140,712,-244,42,621,-242,-58,
651,529,-300,661,544,-273,667,543,-274,672,543,-274,643,543,-273,636,542,-273,630,542,-273,682,534,-108,624,531,-106,665,510,-237,641,510,-237,735,438,-23,583,438,-18,784,328,-13,539,330,-43,728,253,-220,581,248,-250,722,220,-297,583,218,-310,706,229,-322,597,224,-339,703,240,-233,599,234,-264,707,188,9,610,191,-8,723,14,-106,617,9,-62,718,-165,176,612,-169,153,715,-185,198,610,-194,167,712,-225,42,622,-220,-25,
650,528,-328,660,543,-303,666,542,-303,672,542,-303,642,543,-301,636,542,-301,630,542,-301,681,533,-136,624,531,-132,663,510,-266,640,510,-264,731,441,-48,583,441,-30,782,335,-22,540,335,-38,724,266,-231,582,261,-232,719,234,-306,585,231,-290,704,242,-329,598,237,-320,701,253,-242,600,247,-246,706,197,0,611,200,0,718,37,-110,614,44,-28,711,-126,174,612,-124,193,706,-147,197,611,-145,212,710,-185,49,617,-177,56,
650,528,-357,660,542,-342,666,542,-343,671,541,-343,642,542,-337,636,542,-337,631,542,-337,680,532,-193,625,531,-185,663,510,-306,640,510,-301,730,444,-92,584,444,-66,780,340,-51,541,341,-42,723,276,-251,584,267,-207,718,244,-332,587,238,-260,704,252,-359,600,244,-291,701,263,-265,602,254,-220,704,208,0,612,211,0,715,41,-110,614,44,-43,705,-110,186,612,-116,159,699,-128,210,611,-137,175,705,-168,50,617,-171,46,
650,527,-426,660,541,-407,666,540,-407,671,539,-407,642,542,-406,636,542,-406,631,542,-406,680,531,-248,625,532,-252,663,510,-365,640,510,-365,727,446,-130,585,447,-113,779,348,-59,543,346,-47,723,282,-247,585,273,-189,717,251,-320,588,245,-238,704,259,-346,601,250,-271,701,270,-260,603,259,-203,700,218,0,613,220,1,712,52,-105,614,56,-31,698,-96,183,611,-98,171,694,-114,206,610,-119,189,693,-151,54,611,-148,41,
649,525,-458,660,538,-439,666,538,-439,671,537,-439,642,539,-438,636,540,-438,631,540,-438,680,531,-277,626,532,-279,662,508,-394,640,509,-394,725,449,-145,585,451,-134,779,353,-66,542,353,-47,723,288,-242,585,276,-190,716,259,-309,589,250,-236,703,267,-331,601,255,-267,700,276,-252,602,264,-202,697,225,0,613,227,1,702,62,-123,611,68,-40,686,-76,180,603,-78,171,681,-92,205,604,-97,192,683,-130,56,601,-129,34,
650,524,-457,660,537,-437,666,536,-437,671,536,-437,643,538,-437,637,539,-437,632,539,-437,679,530,-277,627,532,-285,662,508,-394,640,509,-395,722,452,-159,587,453,-145,779,361,-87,543,358,-57,723,297,-249,585,281,-178,716,267,-316,589,255,-220,703,274,-335,601,259,-249,701,283,-259,603,268,-190,696,234,-1,613,235,2,700,88,-116,613,95,-20,685,4,252,620,7,266,678,5,285,625,1,293,683,-86,170,602,-87,151,
650,523,-449,660,536,-425,666,536,-426,671,535,-426,644,537,-425,638,538,-425,633,538,-425,679,530,-251,628,532,-257,662,508,-378,640,509,-378,720,452,-136,589,455,-127,779,365,-78,543,362,-36,723,298,-216,585,289,-149,716,271,-278,590,262,-191,703,277,-292,602,266,-217,700,286,-223,603,276,-160,694,239,-4,614,241,4,696,94,-115,615,97,-23,671,-21,248,621,-19,261,664,-32,280,625,-33,287,669,-83,158,604,-76,140,
651,521,-438,660,533,-414,666,533,-414,671,533,-415,645,534,-414,639,535,-414,634,535,-414,679,528,-247,629,530,-256,662,506,-370,642,507,-371,720,452,-129,591,456,-119,778,366,-61,543,364,-35,722,301,-199,586,292,-143,716,274,-257,591,266,-181,703,280,-271,603,271,-206,701,287,-204,604,280,-152,694,242,-4,615,245,4,695,104,-110,616,106,-29,671,-17,244,621,11,243,664,-29,274,625,-31,267,672,-74,153,606,-72,116,
652,515,-402,661,527,-382,666,527,-382,671,527,-382,646,528,-384,640,528,-384,635,529,-384,679,524,-229,630,526,-246,663,501,-341,644,501,-344,718,451,-106,592,455,-113,776,367,-27,543,366,-31,722,305,-167,587,294,-137,716,280,-223,592,268,-174,703,285,-238,603,273,-198,701,293,-173,604,282,-146,693,245,1,615,247,0,693,116,-81,616,107,-48,671,20,250,622,19,240,660,13,278,625,15,262,675,-58,164,607,-63,102,
652,507,-402,661,521,-384,666,521,-384,671,521,-384,646,522,-385,640,522,-385,635,522,-385,679,519,-238,630,521,-250,663,494,-342,644,493,-345,718,451,-119,593,454,-125,772,364,-32,543,365,-61,722,303,-163,587,296,-160,715,278,-214,592,271,-200,703,283,-230,604,276,-224,701,290,-170,605,284,-170,692,247,1,615,250,-1,691,123,-35,615,121,-10,670,28,250,622,32,234,661,22,275,624,25,255,677,-43,162,606,-45,111,
653,502,-376,661,516,-357,666,516,-357,671,516,-357,646,516,-358,640,516,-358,635,516,-358,679,513,-210,631,515,-221,663,488,-317,644,487,-320,717,446,-93,595,451,-103,767,362,-20,547,363,-41,722,303,-164,589,291,-149,715,277,-219,594,267,-187,703,282,-237,606,271,-212,702,289,-172,607,279,-159,691,244,3,616,247,-2,691,118,-53,618,118,-22,668,25,256,627,29,218,660,24,283,629,24,239,676,-44,167,617,-50,107,
653,495,-357,662,510,-338,667,509,-338,671,510,-338,647,510,-340,641,510,-340,636,510,-340,679,506,-197,631,508,-212,663,482,-301,645,481,-305,717,438,-89,598,443,-103,758,358,-13,550,363,-45,722,302,-143,591,289,-157,715,274,-193,595,264,-196,703,279,-215,607,268,-221,702,287,-153,608,277,-168,690,244,4,617,248,-4,685,130,-39,618,131,-24,664,36,247,626,34,194,658,32,268,626,9,211,668,-5,155,617,-37,82,
654,487,-345,662,501,-326,667,500,-326,671,500,-326,647,502,-328,641,502,-328,636,502,-328,679,497,-188,632,501,-204,663,473,-291,645,473,-295,716,430,-84,598,434,-103,751,347,-9,555,354,-66,721,291,-134,595,287,-190,715,266,-182,598,264,-229,704,274,-207,609,268,-251,702,280,-145,611,276,-200,689,242,5,617,246,-5,682,128,-19,618,130,-21,663,34,246,626,36,189,657,17,267,622,9,206,671,-23,153,616,-32,73,
654,479,-356,662,493,-338,667,493,-338,671,493,-338,647,494,-340,641,494,-340,637,494,-340,678,490,-195,632,492,-209,663,466,-302,645,466,-305,715,423,-85,599,427,-115,746,337,-11,559,349,-102,719,281,-150,596,285,-249,714,259,-196,599,262,-291,704,267,-221,610,267,-311,702,273,-161,611,276,-259,688,241,7,619,246,-7,681,135,3,618,133,-23,662,37,258,625,32,167,656,23,277,622,24,181,665,1,164,616,-30,39,
654,474,-354,662,487,-338,666,487,-338,670,487,-338,647,488,-338,641,488,-338,637,488,-338,678,485,-203,632,487,-209,663,462,-305,645,462,-306,713,419,-111,600,424,-130,746,338,-61,562,345,-122,718,280,-172,598,285,-255,711,258,-202,600,261,-294,702,266,-231,611,266,-312,701,273,-180,612,275,-264,687,244,10,620,248,-10,682,141,11,618,141,-31,658,49,228,626,42,133,652,42,242,620,25,144,659,8,137,618,3,14,
654,475,-372,662,488,-360,666,488,-360,670,488,-360,647,489,-359,642,489,-359,638,489,-359,678,485,-246,633,487,-248,663,463,-330,646,463,-330,712,419,-164,601,424,-159,749,339,-134,563,344,-148,716,281,-243,598,288,-265,709,260,-282,601,268,-303,701,268,-297,611,272,-319,700,273,-249,613,278,-273,686,246,6,622,251,-6,683,153,4,618,155,-14,660,62,214,629,59,146,652,57,229,624,51,149,662,21,130,617,18,80,
653,480,-361,661,492,-350,666,492,-350,669,492,-350,647,493,-348,642,493,-348,638,493,-348,676,489,-242,633,490,-241,662,466,-324,645,466,-321,711,422,-165,600,426,-155,752,346,-144,562,350,-144,716,289,-251,598,296,-250,707,272,-289,602,280,-285,699,279,-297,611,287,-302,700,285,-254,612,293,-256,684,257,2,622,258,-2,680,159,22,621,163,16,662,73,213,632,72,181,652,67,227,627,64,188,666,27,132,618,25,113,
653,493,-329,661,504,-315,665,504,-315,668,504,-315,647,504,-314,642,505,-314,638,505,-314,673,501,-208,633,502,-208,662,481,-287,645,481,-287,709,440,-163,600,438,-123,752,371,-110,561,372,-128,715,311,-187,597,321,-247,706,291,-219,602,303,-273,698,297,-230,611,310,-281,699,304,-190,611,316,-250,685,280,-1,627,276,1,680,175,9,624,174,26,662,80,207,633,86,202,653,74,221,633,78,214,665,34,123,622,39,119,
653,510,-327,660,521,-312,664,521,-312,667,522,-312,646,522,-313,642,523,-313,638,523,-313,672,520,-195,633,521,-202,661,499,-281,645,499,-282,707,464,-122,601,463,-104,753,394,-69,562,394,-64,713,333,-166,598,340,-159,705,313,-201,601,321,-190,697,319,-217,610,325,-209,698,326,-172,611,330,-167,684,307,-4,628,305,4,676,199,-4,630,199,24,657,99,164,643,115,203,651,86,175,647,107,215,653,51,61,642,66,110,
650,525,-339,657,537,-322,662,537,-322,665,538,-322,644,537,-323,639,537,-323,636,538,-323,670,536,-206,632,536,-207,658,514,-290,643,514,-292,707,481,-124,601,480,-109,754,412,-69,561,412,-71,711,352,-168,597,357,-170,703,332,-204,601,337,-202,696,338,-221,610,341,-221,696,344,-175,611,347,-177,682,320,-5,628,321,5,670,212,-18,629,214,24,653,108,188,640,135,241,649,98,204,642,126,259,647,58,91,639,78,152,
649,537,-378,656,549,-361,660,549,-361,664,550,-362,643,549,-361,638,550,-361,635,550,-361,669,549,-231,632,548,-231,657,526,-325,642,526,-325,705,495,-127,601,493,-119,751,426,-69,561,424,-77,709,367,-173,597,368,-184,702,345,-210,601,348,-219,694,350,-228,610,352,-237,694,358,-180,611,358,-192,682,336,-5,627,336,5,672,216,-63,630,219,-17,646,131,203,639,132,228,640,123,228,641,125,241,643,78,112,643,77,148,
649,544,-400,656,556,-384,660,556,-384,664,556,-384,643,556,-385,638,556,-385,635,557,-385,669,554,-245,631,555,-253,657,534,-344,642,533,-347,703,503,-130,600,501,-134,746,433,-69,561,431,-88,706,375,-177,598,372,-191,700,353,-213,602,353,-223,691,359,-234,612,357,-241,691,366,-186,613,362,-197,681,348,-1,628,345,1,672,228,-88,630,234,-82,643,154,203,638,128,109,637,149,233,640,119,122,642,112,127,639,74,-18,
648,558,-386,655,571,-369,660,571,-369,664,571,-369,641,571,-371,637,571,-371,634,571,-371,669,570,-237,631,569,-226,657,547,-339,641,547,-342,704,515,-106,599,515,-104,747,439,-50,554,442,-59,706,378,-177,598,377,-182,699,355,-215,602,354,-216,691,361,-236,612,358,-238,691,368,-186,614,364,-190,682,352,-1,628,350,1,667,238,-115,629,223,-97,640,162,204,634,110,58,634,157,233,633,100,67,638,116,132,637,59,-81,
648,554,-383,655,566,-367,660,566,-367,664,566,-367,641,566,-368,637,566,-368,633,566,-368,669,564,-234,630,564,-231,657,544,-331,640,543,-333,704,509,-104,599,511,-124,743,433,-50,552,436,-107,705,375,-182,599,369,-227,700,352,-219,603,346,-260,691,357,-243,614,351,-277,690,364,-193,615,358,-232,682,344,8,628,342,-8,669,245,-169,629,222,-86,643,167,138,625,104,54,636,165,166,626,93,63,642,118,80,636,53,-78,
648,545,-405,655,557,-389,660,557,-389,664,557,-389,641,557,-391,637,557,-391,633,558,-391,669,556,-244,630,556,-255,657,534,-346,640,534,-350,703,501,-108,598,505,-139,738,427,-45,552,429,-108,703,370,-182,601,364,-232,699,347,-219,606,341,-269,690,353,-249,617,346,-288,688,360,-194,618,353,-238,682,338,12,628,334,-12,674,230,-114,627,217,-65,644,151,241,622,101,106,638,146,268,623,91,118,645,99,161,632,50,-30,
648,536,-363,655,547,-345,660,547,-345,664,547,-345,641,548,-351,637,548,-351,633,549,-351,669,548,-197,630,552,-223,657,526,-302,640,526,-310,699,495,-66,597,499,-111,735,420,-5,557,422,-77,697,362,-148,605,359,-199,696,340,-190,608,337,-242,687,346,-219,619,341,-266,684,353,-161,620,348,-208,676,329,14,621,327,-14,672,224,-28,622,211,-58,645,120,226,622,100,160,639,118,260,623,92,174,646,62,101,632,48,13,
